4.13
4.14
3.78
3.48
3.87
4.43
2.60
3.61
3.79
3.31
3.65
3.74
3.68
4.67
3.13
2.77
2.66
3.12
3.77
3.63
4.32
3.60
2.77
2.99
2.48
3.99
4.03
2.87
3.42
3.93
4.15
4.57
3.75
3.42
2.99
3.66
3.78
2.79
3.32
3.59
3.54
3.12
3.29
3.90
4.19
3.20
4.08
3.98
4.37
3.59
3.68
4.45
3.57
4.08
3.92
4.01
4.03
3.87
3.97
3.35
3.92
4.02
3.80
3.48
3.72
3.21
3.10
3.91
3.18
3.75
2.68
4.26
3.63
3.52
3.02
2.63
3.23
3.83
4.02
3.75
3.15
4.30
4.36
4.33
4.82
3.07
2.77
3.29
2.29
4.30
2.99
4.54
4.33
4.37
4.22
4.13
3.35
4.13
3.06
3.57
3.87
3.85
3.83
3.33
2.88
3.16
3.28
4.45
3.99
3.24
4.34
3.76
3.40
4.04
3.59
3.21
4.28
4.34
2.06
4.15
3.84
3.68
2.97
3.84
3.23
4.10
2.65
3.57
4.21
3.35
3.41
3.63
3.12
3.68
4.33
3.51
3.64
3.93
3.82
3.18
4.19
3.24
3.67
4.57
4.05
3.85
4.02
2.69
3.09
3.31
4.09
3.07
2.51
3.95
4.32
2.27
4.10
4.01
1.78
3.45
3.13
3.98
3.67
2.64
3.49
3.63
3.47
3.66
2.09
4.28
3.72
4.18
3.75
4.16
2.65
3.32
3.24
3.61
3.89
2.67
3.35
3.38
3.53
3.77
4.26
3.14
2.48
3.44
4.11
3.15
4.16
2.74
4.18
4.35
4.31
4.18
3.33
4.09
3.18
4.05
4.29
4.11
4.48
3.31
4.13
3.18
3.29
4.93
3.53
3.45
3.52
3.92
2.40
3.45
3.86
3.65
3.56
3.99
3.90
4.13
3.75
3.76
3.90
4.29
3.37
4.08
3.37
3.29
4.27
3.24
3.94
4.25
4.26
3.32
3.37
4.14
3.84
3.12
3.95
3.23
3.03
3.51
3.54
2.43
3.99
3.59
2.81
3.91
3.69
2.09
4.13
3.92
4.29
3.65
4.11
3.66
2.67
3.19
2.26
3.53
3.97
4.93
3.87
4.51
3.42
4.26
3.78
3.73
3.48
2.17
3.36
3.57
3.72
2.45
4.31
3.34
4.31
4.14
3.23
2.99
3.75
4.06
4.23
4.34
2.09
3.58
3.47
4.11
3.93
3.43
2.77
2.89
3.69
3.74
3.54
4.20
4.04
3.68
4.42
3.88
2.17
3.77
3.31
3.46
3.18
3.13
4.08
3.60
2.99
2.79
2.85
3.61
2.52
3.27
3.89
3.18
3.72
3.53
4.64
3.97
4.01
3.61
4.13
4.06
3.58
4.55
2.64
4.56
3.06
3.58
3.65
4.04
3.82
3.76
1.84
4.07
4.40
4.04
2.53
3.76
3.23
2.81
3.22
3.56
2.98
2.36
2.94
3.82
3.75
3.19
3.46
3.62
3.34
4.27
3.10
3.35
2.52
3.69
3.52
4.51
3.20
3.65
3.35
4.10
3.36
4.39
3.05
4.45
3.52
3.67
3.07
3.42
4.61
3.28
3.12
4.40
3.58
3.32
3.51
2.84
4.11
3.54
3.36
3.82
3.70
4.14
4.27
3.33
2.73
2.72
2.86
3.30
3.98
3.41
3.30
3.67
3.33
3.60
2.52
4.21
2.66
3.57
3.77
3.48
4.55
4.50
3.91
2.60
3.56
3.14
3.33
4.21
3.51
3.47
3.37
4.38
4.12
4.53
3.94
3.78
3.86
3.86
3.03
3.59
3.02
2.92
3.94
3.55
3.21
4.15
3.55
2.70
3.32
3.25
3.76
4.67
3.88
3.52
3.07
3.82
2.78
4.12
3.75
3.24
3.37
4.16
2.73
4.13
2.85
3.58
3.74
4.84
3.90
3.44
2.65
3.60
4.04
3.02
3.13
3.67
3.18
2.73
3.02
3.67
4.13
4.01
2.36
3.54
4.11
2.97
3.11
3.83
2.95
3.67
3.82
3.80
3.68
3.93
3.46
2.36
3.72
2.94
3.67
3.24
3.62
4.08
3.83
3.36
4.25
3.96
3.59
2.85
3.74
4.33
3.96
4.53
3.52
3.63
4.55
3.30
3.72
3.27
4.54
3.92
3.05
3.12
3.94
3.64
4.71
3.16
3.60
3.32
2.18
3.98
2.77
4.06
3.90
3.47
4.13
3.13
4.12
3.50
3.76
2.91
3.39
3.65
3.94
3.58
3.32
3.70
3.12
3.79
3.37
4.47
4.34
4.24
4.31
4.05
3.76
2.97
3.83
3.55
4.02
2.78
2.77
3.49
3.61
3.63
4.28
2.56
3.37
2.97
4.05
2.66
2.75
3.93
4.16
3.56
3.92
3.39
3.97
4.11
4.04
4.09
3.72
3.56
4.41
3.74
4.41
3.41
3.63
3.98
4.34
2.83
4.39
4.55
3.87
3.61
4.20
4.46
3.57
3.35
3.77
3.78
2.03
3.85
2.18
4.27
4.02
4.15
3.85
3.58
3.82
3.48
4.02
3.67
3.60
3.74
3.37
2.37
2.73
4.46
2.76
4.16
3.13
3.93
4.41
2.92
4.37
3.52
4.14
3.91
3.69
3.34
3.92
3.21
3.63
3.06
3.63
4.60
3.40
3.39
2.41
4.56
3.48
2.57
3.58
3.33
3.29
4.04
3.86
3.96
4.26
2.78
3.75
2.58
3.65
3.35
4.42
3.60
2.54
3.49
2.80
2.22
3.33
3.21
3.18
3.54
4.03
4.30
2.45
3.24
3.84
3.60
3.68
3.66
3.68
2.76
3.58
2.88
4.12
3.78
3.01
3.22
4.07
4.36
3.79
4.07
2.87
3.64
4.19
4.48
2.93
3.49
3.10
2.84
4.31
3.28
2.74
3.10
3.16
3.68
3.39
3.66
3.30
2.78
3.44
4.02
3.86
3.09
3.34
3.96
3.93
3.93
3.38
4.30
3.93
4.37
2.95
3.49
3.15
4.13
4.40
3.14
3.73
4.02
3.37
2.19
4.05
2.97
3.16
3.79
3.95
4.03
4.18
4.06
4.00
4.03
4.12
2.40
4.17
3.05
3.97
3.76
3.44
3.01
3.64
3.08
3.78
2.95
3.42
3.64
2.56
3.55
3.64
3.49
3.19
3.35
4.20
3.42
4.78
3.56
3.45
2.84
3.91
3.71
3.36
3.83
3.74
3.48
4.11
3.30
3.78
3.18
2.91
3.51
2.43
3.22
3.95
3.82
3.54
3.20
3.42
3.75
3.30
3.46
4.14
3.85
3.61
4.01
3.77
1.80
3.80
4.27
4.19
3.29
3.32
2.83
3.61
4.15
3.64
4.28
3.13
2.86
1.41
3.11
3.30
4.02
3.19
3.56
2.29
3.73
4.05
3.19
2.48
3.54
3.94
2.83
3.68
3.97
3.74
3.86
2.22
3.42
3.45
3.83
3.60
4.27
3.55
3.84
3.09
3.30
4.32
4.25
2.43
3.44
4.53
3.58
4.11
3.73
3.45
3.35
3.76
3.97
2.61
2.38
3.82
3.51
3.51
4.12
4.10
3.55
3.06
3.22
3.65
4.71
3.33
3.57
3.26
3.78
3.53
3.10
4.17
3.09
3.46
3.79
3.78
3.78
3.96
3.28
3.53
4.39
2.98
3.92
4.84
2.13
3.72
2.46
2.47
3.48
2.74
4.21
4.08
3.32
3.89
4.05
3.58
4.14
3.56
3.39
3.83
4.20
3.48
3.21
3.78
3.33
4.16
3.57
3.56
3.69
3.76
3.94
2.34
3.60
4.60
3.12
2.79
3.31
4.10
3.40
3.66
2.70
3.38
3.67
2.83
3.95
2.92
3.46
3.63
3.82
3.64
3.65
2.82
4.40
3.75
2.99
4.02
4.20
3.15
3.35
3.62
3.22
3.52
3.47
3.56
3.74
3.19
2.79
2.36
2.87
3.83
3.45
3.18
3.21
3.01
2.46
3.56
4.06
3.92
2.70
2.66
3.95
3.11
3.28
4.33
3.49
3.94
3.76
2.24
3.05
3.46
4.12
3.39
3.41
2.38
1.94
3.65
3.41
4.17
2.78
4.62
3.85
3.95
2.79
4.24
4.19
4.35
3.02
4.07
4.46
2.96
4.02
4.38
3.87
4.12
3.60
3.04
3.25
3.43
4.22
3.98
4.29
4.11
4.00
2.59
3.94
4.09
3.32
3.83
3.14
2.60
3.86
3.98
3.96
3.37
3.02
2.68
3.33
2.73
4.03
3.07
4.72
4.36
4.49
3.56
3.44
3.74
3.66
3.62
3.31
2.72
3.66
3.62
3.35
4.00
4.32
3.72
3.91
2.89
4.25
2.56
3.21
3.40
3.00
3.53
3.52
3.03
3.64
4.34
3.26
3.77
3.20
4.66
4.00
3.89
2.34
3.55
3.34
2.94
4.07
3.23
3.61
2.91
3.06
3.77
3.53
3.94
3.80
2.28
2.74
3.72
3.09
3.90
3.55
3.21
3.36
4.63
3.03
2.99
3.90
3.47
3.10
3.73
4.08
2.80
3.85
4.03
3.98
2.00
4.65
3.91
3.20
3.45
3.79
4.12
2.98
3.81
2.30
4.08
4.27
2.55
2.09
3.33
2.89
3.69
3.75
4.27
4.11
3.46
3.40
4.15
4.31
3.40
2.20
3.43
3.80
3.35
1.39
2.92
3.52
3.71
3.82
4.84
3.76
4.70
3.40
3.98
3.10
2.90
2.64
3.79
3.31
4.14
3.68
3.53
2.99
2.78
3.07
3.57
4.02
3.65
3.44
3.86
2.95
3.69
3.60
3.79
3.98
2.31
3.81
3.49
2.98
3.27
3.83
3.61
3.64
3.69
2.58
4.31
3.83
4.04
3.66
4.03
2.88
3.42
3.60
3.72
3.08
4.12
4.20
3.71
3.26
4.04
3.52
2.64
3.43
3.32
3.17
3.49
4.32
3.38
4.01
3.06
3.97
4.07
3.26
3.44
3.44
3.17
4.18
3.30
2.46
2.73
2.76
2.88
2.43
3.88
3.79
3.22
4.59
3.13
3.62
2.74
3.64
3.94
4.12
3.91
3.15
3.65
4.19
3.95
3.53
3.50
4.13
3.38
4.30
3.25
3.75
3.28
3.28
3.29
3.83
2.72
3.68
2.96
2.43
3.63
3.86
4.43
2.99
3.03
3.32
3.75
2.13
4.26
3.74
3.72
3.49
2.47
3.02
3.90
2.22
3.82
2.86
3.14
3.52
4.01
3.66
3.40
4.62
3.54
3.13
4.15
4.02
3.72
3.46
3.24
3.73
3.75
3.73
4.33
2.74
3.86
2.90
2.95
3.82
3.17
3.43
4.52
4.68
2.92
2.79
4.68
2.51
2.54
3.50
4.25
3.84
4.27
3.44
3.88
4.13
4.28
3.12
4.06
3.38
3.59
3.06
3.13
3.21
3.48
4.15
3.60
2.80
3.57
2.91
3.21
3.65
3.85
4.00
3.42
3.62
2.86
2.69
3.56
4.02
4.69
4.12
4.24
2.96
3.89
2.50
4.01
2.82
4.05
3.71
3.45
3.48
3.66
2.68
3.28
3.85
4.05
2.26
4.13
4.16
3.75
3.78
3.97
3.86
4.26
3.77
3.72
3.59
2.66
3.93
3.98
3.42
3.42
3.66
2.89
2.84
2.44
3.86
2.99
2.87
4.24
3.46
4.68
4.07
4.10
3.01
4.08
2.98
3.94
4.30
3.71
2.62
4.31
3.71
3.18
3.78
3.39
3.08
4.11
2.94
4.70
4.04
3.15
3.59
2.93
3.81
3.08
3.61
2.95
3.79
3.28
3.20
3.47
3.81
3.74
3.58
4.13
3.95
3.04
3.93
2.59
3.97
3.96
3.63
2.89
4.01
2.63
3.50
3.03
4.45
3.88
3.43
3.03
3.42
4.28
3.22
2.64
3.41
2.94
3.95
3.60
2.50
4.21
3.61
4.00
3.13
4.07
3.63
4.37
3.87
2.75
3.41
3.90
2.63
3.60
3.43
3.45
3.87
4.03
3.35
3.19
3.37
2.90
3.04
4.06
3.09
3.57
3.07
2.27
3.09
3.53
3.21
3.31
3.42
4.28
2.28
4.00
3.61
3.90
2.76
3.53
3.25
3.99
3.98
3.18
3.98
4.03
4.27
3.16
4.09
2.98
3.46
2.00
3.53
3.72
3.81
3.48
2.89
4.50
3.93
3.74
3.85
4.27
2.95
2.31
4.46
2.28
3.64
3.93
3.14
3.74
4.12
4.24
3.28
3.23
4.48
4.08
3.45
2.96
3.24
3.28
3.03
4.20
3.80
3.31
2.96
3.94
3.00
4.47
4.09
3.74
2.14
2.72
3.71
3.00
4.11
3.95
2.83
4.42
2.59
3.99
2.39
3.81
3.79
2.97
4.52
3.79
3.58
3.89
4.15
3.35
3.65
2.42
3.51
3.91
4.17
4.33
3.18
3.48
3.35
3.69
3.28
2.66
3.24
3.12
3.54
3.61
3.20
3.73
3.06
3.84
3.37
3.36
4.52
3.43
3.22
3.32
4.15
4.18
3.76
3.67
3.59
3.41
3.32
3.34
2.25
3.44
3.96
4.32
3.71
4.28
3.22
2.21
4.29
3.91
3.43
3.82
4.31
3.96
3.73
3.95
3.74
2.72
4.19
3.66
3.87
3.10
4.09
3.58
2.39
4.57
3.41
2.89
2.99
4.41
3.98
4.35
4.18
3.22
3.74
3.78
3.24
3.85
3.16
3.78
3.26
2.87
3.89
3.97
4.18
3.36
3.83
3.89
3.21
3.86
2.98
3.91
3.84
4.14
3.21
4.54
3.75
3.52
3.65
4.60
3.69
3.58
4.07
3.76
3.11
3.88
4.54
2.68
2.34
3.71
3.61
4.08
3.74
3.86
3.26
3.78
1.56
3.66
3.60
3.42
3.87
2.94
2.92
2.79
3.84
2.99
3.00
4.31
4.26
4.27
3.54
3.82
3.03
3.84
3.22
3.75
4.29
4.14
4.16
3.51
3.05
3.96
4.16
3.51
3.18
2.72
4.07
3.12
4.11
3.45
2.08
3.54
3.00
3.47
3.16
3.13
4.08
3.91
3.53
3.80
3.10
3.97
3.47
2.86
3.94
3.20
4.16
3.84
3.17
4.14
3.70
3.79
4.01
4.27
2.06
1.60
3.24
2.61
2.90
3.62
4.12
2.52
2.89
4.18
2.51
4.02
2.82
4.33
3.15
3.43
3.69
4.02
3.51
3.12
3.13
4.41
3.43
2.86
2.99
3.53
2.72
4.21
3.90
2.85
4.28
3.98
3.37
3.89
3.97
3.26
3.36
2.82
3.28
3.73
3.97
2.25
3.97
3.68
3.93
3.04
3.52
4.25
4.21
3.65
4.61
3.52
2.44
3.55
3.71
3.30
4.12
3.39
4.07
3.71
3.04
3.48
3.44
3.03
2.91
2.97
2.60
3.55
3.64
3.79
3.59
4.09
3.96
3.53
3.65
4.78
3.18
3.70
3.96
4.29
3.60
3.90
3.39
3.27
2.67
3.19
3.26
3.79
4.09
3.63
3.74
3.41
3.46
4.10
3.99
1.36
3.81
4.13
3.78
3.68
2.86
4.33
4.38
3.60
4.96
2.40
4.57
3.57
3.28
4.00
3.65
3.23
3.52
3.08
2.36
3.90
3.91
4.47
3.68
3.55
4.31
2.99
3.75
4.18
3.04
4.04
4.30
3.46
3.63
3.07
3.75
4.11
3.84
3.46
3.77
3.58
4.26
2.39
3.60
2.46
3.84
4.26
2.61
3.32
4.06
4.07
3.64
3.52
3.35
4.09
3.21
3.63
4.42
3.73
2.77
3.48
3.55
3.55
3.80
3.68
2.95
4.45
3.93
3.41
4.08
3.65
4.06
4.47
3.01
4.27
3.81
3.65
2.89
3.52
2.79
3.39
4.25
2.93
3.80
3.19
3.46
4.26
3.47
2.40
3.41
4.50
4.10
3.38
3.57
2.95
3.78
4.44
4.06
3.37
2.36
3.07
3.72
3.82
3.84
3.78
3.95
3.69
3.58
3.97
3.32
3.39
4.08
3.40
4.05
3.33
2.76
3.64
3.42
4.52
3.82
3.50
4.22
4.17
2.41
4.83
3.89
3.54
3.49
4.36
1.55
2.78
3.75
2.67
3.64
4.10
4.26
3.32
4.40
4.21
4.33
2.93
2.25
3.98
3.55
3.37
3.59
3.24
3.84
3.38
3.65
2.96
3.76
3.55
4.34
4.69
3.30
3.00
3.91
3.09
3.24
4.42
3.76
3.83
4.64
3.02
4.19
3.25
2.91
3.40
3.90
4.06
3.77
3.86
3.63
3.18
4.10
3.41
4.51
3.58
2.95
2.58
3.75
4.51
3.04
3.57
3.46
3.06
4.16
3.80
2.23
3.65
4.18
3.62
3.58
3.70
3.04
2.57
3.39
3.22
3.36
3.67
3.99
2.79
3.93
3.29
3.52
4.72
2.93
2.60
3.70
4.13
4.03
2.69
4.59
3.57
3.62
3.53
2.65
2.82
2.51
3.05
3.18
3.27
3.92
3.88
3.46
3.31
4.07
3.15
2.43
4.12
3.67
4.62
3.77
3.56
3.55
2.77
2.93
2.67
2.78
3.85
3.88
3.00
3.54
2.78
4.18
2.50
3.45
3.32
2.91
3.34
3.68
4.12
4.12
3.47
3.86
3.78
3.34
3.93
3.28
3.92
4.32
3.67
3.45
4.07
3.50
3.43
3.45
3.91
3.51
3.89
4.09
4.49
3.41
1.48
3.95
3.29
4.31
2.99
4.33
3.42
1.49
3.70
2.59
3.08
3.07
3.64
3.56
3.84
2.60
3.89
2.93
4.13
4.74
3.46
2.99
2.82
3.65
3.43
3.67
3.43
4.08
3.20
3.71
2.97
2.80
3.67
3.77
3.87
4.36
3.18
2.81
2.78
4.40
4.33
3.12
3.37
3.48
4.33
3.67
4.62
3.76
3.40
3.42
3.23
2.99
3.90
3.10
2.65
2.56
2.66
3.84
3.20
3.70
4.06
3.72
4.53
4.16
3.88
3.85
3.30
3.30
3.23
4.24
3.92
4.57
3.18
3.70
2.28
4.22
3.71
2.30
3.95
4.13
3.26
3.45
3.38
3.41
3.28
3.17
3.52
2.96
2.62
3.82
4.02
3.60
3.08
2.82
4.00
3.21
2.32
3.77
3.88
2.60
3.89
3.43
3.03
3.07
3.43
3.42
3.57
3.73
3.89
3.64
2.92
3.15
2.54
3.15
4.03
2.80
3.60
4.12
2.98
2.70
2.69
3.81
3.55
3.55
1.44
4.35
3.72
3.32
3.51
3.60
3.48
3.91
3.41
4.04
3.60
3.40
3.42
3.27
3.25
3.79
3.02
2.85
3.26
2.69
3.49
3.93
3.86
4.15
3.49
2.71
3.90
3.97
3.71
4.02
4.40
3.40
3.58
4.64
4.04
3.04
2.70
3.96
3.88
3.37
2.35
3.46
2.56
4.59
3.20
2.86
3.54
2.90
3.12
3.21
3.64
3.64
3.34
2.78
2.97
3.95
3.99
3.26
2.10
3.25
3.88
2.99
4.18
3.77
3.15
4.95
3.68
3.92
3.38
2.39
3.25
3.57
2.85
4.07
3.21
2.75
3.58
3.15
3.30
1.11
3.76
3.03
3.32
3.07
3.36
1.70
3.77
3.62
3.79
3.82
2.76
3.55
4.14
3.36
3.59
2.98
4.51
3.04
3.81
2.21
4.22
4.26
4.06
2.77
4.30
3.26
2.87
4.17
2.73
4.58
3.65
3.13
3.62
2.97
3.80
3.44
3.92
3.67
3.22
2.06
3.71
3.63
2.90
3.68
3.79
4.29
3.95
4.54
3.12
3.54
3.84
2.80
4.21
2.96
3.48
2.66
3.45
2.43
3.78
2.53
4.22
3.65
3.37
3.64
3.32
3.05
2.12
3.06
3.69
3.43
4.16
3.59
3.14
4.21
3.76
3.58
2.25
3.64
2.99
3.91
3.78
2.96
3.81
3.59
3.44
3.99
3.75
3.48
2.49
2.72
3.23
2.38
2.92
4.18
2.92
1.88
4.62
3.14
3.44
3.17
3.29
1.51
3.65
3.65
3.76
3.21
4.28
2.87
3.36
3.70
3.71
1.61
4.25
3.09
3.63
3.30
3.15
2.76
3.96
3.50
3.16
4.18
3.39
3.53
3.07
3.69
4.05
3.26
3.95
3.46
3.19
3.25
4.59
3.37
3.96
3.32
2.68
3.86
3.26
3.32
3.18
3.38
4.06
3.57
3.64
4.58
3.54
3.06
3.55
2.99
3.82
3.11
3.63
3.47
3.29
1.96
4.50
2.34
3.43
4.50
2.93
2.55
3.46
2.58
2.87
4.55
3.56
3.51
3.39
3.64
3.12
3.77
2.88
3.83
4.08
3.93
4.36
3.17
2.38
3.76
3.41
3.98
3.47
3.27
3.37
3.39
3.84
3.98
3.06
3.78
2.11
4.05
3.08
3.84
3.70
4.05
3.27
3.89
4.07
3.96
4.05
3.37
4.23
4.12
2.18
3.37
3.83
4.30
3.73
3.14
3.77
3.64
4.20
4.13
3.73
3.29
3.19
4.55
3.87
2.11
3.53
3.76
3.02
3.15
4.05
3.63
3.40
2.18
3.11
3.78
3.86
3.55
3.88
2.90
2.78
4.20
2.77
3.27
3.57
3.72
3.82
3.88
3.50
3.86
3.76
3.84
3.08
4.21
4.07
3.50
3.72
2.66
4.04
4.11
3.44
2.91
3.99
3.56
3.97
3.88
2.58
4.55
4.12
2.66
3.93
3.49
2.19
3.58
3.75
4.21
4.17
1.99
4.17
3.99
4.29
3.21
3.46
2.10
3.97
3.36
3.74
3.21
3.08
3.94
3.88
3.34
3.45
4.32
3.45
3.60
3.72
3.81
4.25
3.37
3.70
2.86
2.84
3.55
3.66
4.00
2.40
4.42
4.38
4.61
3.46
2.60
3.43
3.61
4.09
3.54
3.83
2.97
3.21
2.68
3.37
4.21
3.91
5.00
4.00
4.15
3.09
3.75
3.22
4.25
3.65
3.69
2.67
3.60
2.63
3.76
3.79
3.81
3.02
3.09
3.80
3.19
4.31
3.40
4.50
2.73
4.11
3.65
2.99
3.34
4.16
3.76
2.89
3.98
4.16
4.41
4.12
3.32
2.82
2.51
3.33
3.29
4.11
3.38
3.34
4.31
3.03
3.73
2.95
2.88
2.41
3.97
4.21
3.76
3.64
3.40
3.71
4.29
3.62
4.51
3.49
3.39
3.25
3.58
3.23
3.67
2.93
3.57
3.17
2.32
3.62
2.37
3.43
3.43
4.19
3.19
3.24
2.95
3.69
3.50
4.03
4.19
3.25
3.53
3.75
3.50
2.66
3.14
3.69
3.85
3.63
3.35
4.22
3.56
4.40
3.70
3.62
3.67
2.50
3.16
3.66
4.01
3.51
2.12
4.90
3.08
4.18
3.79
4.03
3.92
3.72
3.44
4.00
3.11
2.89
2.15
3.47
3.85
2.72
3.80
4.42
4.42
3.89
3.24
1.69
2.44
3.94
3.55
3.72
2.64
3.55
3.83
2.09
3.40
2.54
4.15
3.49
3.39
4.71
3.85
3.79
4.30
3.78
3.66
3.68
2.59
4.13
3.88
3.33
3.83
3.44
3.40
3.69
3.37
4.00
3.16
1.85
4.29
3.40
2.71
4.16
3.33
3.31
2.94
4.12
4.26
3.84
3.11
3.97
3.56
3.79
2.99
3.22
3.35
3.70
3.77
4.43
3.48
4.07
2.73
4.09
3.70
4.29
4.09
4.61
3.29
4.16
4.09
3.60
4.09
4.10
3.46
3.41
4.13
3.49
3.05
3.32
3.58
3.18
3.83
3.14
3.58
4.04
2.21
3.65
3.54
2.80
2.01
3.06
3.20
3.17
3.64
2.82
3.31
3.96
3.24
4.55
3.23
3.46
3.54
3.42
3.70
2.44
3.89
2.91
2.75
3.55
3.24
3.35
3.26
2.99
4.05
4.74
3.34
4.45
3.48
2.55
4.02
4.05
3.46
3.33
3.59
4.16
4.07
3.51
3.05
4.11
2.54
3.20
3.91
2.54
3.93
3.40
3.91
4.23
3.94
3.84
3.98
4.10
4.37
3.62
2.82
2.62
4.14
3.28
4.68
3.95
4.48
2.89
2.75
3.65
2.20
4.24
3.74
2.81
3.11
3.86
3.05
3.56
3.87
4.31
4.02
3.66
4.02
3.66
3.67
4.25
3.77
3.49
3.14
3.17
3.43
3.01
3.83
3.27
2.51
4.06
3.15
1.88
3.64
3.12
3.71
3.11
2.15
4.01
3.36
4.53
3.73
2.80
3.14
3.80
2.58
2.35
2.57
2.85
1.79
3.64
2.97
3.58
2.08
2.22
4.53
3.46
3.20
4.23
4.12
4.31
3.72
3.20
2.95
4.09
3.80
4.39
3.58
4.10
3.50
4.13
4.34
2.86
3.06
3.97
2.38
3.73
4.17
4.34
3.42
3.02
4.44
2.78
4.08
3.27
3.71
3.41
2.03
4.12
2.74
4.50
3.29
3.87
3.55
4.27
3.41
3.90
2.42
3.53
4.34
3.88
4.01
2.79
2.92
4.01
3.05
3.67
4.49
3.68
4.17
3.66
4.24
3.28
3.62
2.89
3.98
2.90
3.81
4.21
3.40
3.94
3.19
2.84
3.62
2.66
4.00
3.90
3.91
3.31
3.30
3.14
3.56
3.31
3.95
3.00
2.87
3.55
4.05
3.41
4.19
3.74
3.03
3.49
2.64
2.43
2.98
3.68
2.17
3.64
2.83
4.46
3.67
3.66
2.73
3.49
4.13
4.01
2.78
3.86
3.18
3.77
2.82
3.17
4.35
3.94
3.08
3.42
4.60
3.48
3.93
4.28
3.43
3.12
3.31
4.74
3.15
3.78
3.26
2.98
3.17
2.20
4.18
4.31
4.41
3.72
3.78
4.20
3.63
3.52
3.40
3.16
4.54
3.28
3.89
4.30
3.87
2.22
2.66
3.43
2.78
4.16
4.25
3.38
3.71
3.67
3.14
3.53
3.79
3.85
4.75
3.17
4.52
4.08
3.83
4.04
3.23
2.31
3.79
2.73
4.17
2.90
2.59
3.08
2.92
4.07
4.30
3.72
2.74
4.32
1.96
3.83
3.65
3.27
3.89
3.78
3.35
3.55
3.70
3.76
4.38
2.76
3.71
3.66
4.58
3.39
3.77
2.79
4.21
3.05
4.47
3.98
3.62
4.05
4.21
3.23
4.04
2.75
4.26
3.58
3.75
3.86
3.74
3.18
3.71
2.22
3.96
3.90
3.74
3.54
3.36
3.12
3.31
3.34
4.47
3.34
3.86
4.11
3.37
2.69
2.94
3.89
3.55
2.34
4.15
2.13
4.43
3.46
3.40
2.94
4.25
4.18
1.88
3.24
3.62
2.74
2.87
4.45
2.35
3.83
4.46
1.95
2.65
3.67
3.74
4.65
3.34
2.92
3.70
3.86
3.55
3.20
4.31
2.97
3.09
2.97
3.41
4.18
4.03
3.94
4.41
3.63
3.55
3.82
3.87
2.65
2.97
3.53
3.70
2.49
3.87
3.10
3.74
3.05
3.22
1.93
3.69
3.13
3.39
3.50
4.25
4.28
2.73
3.23
3.53
3.10
2.59
4.34
4.25
3.39
4.09
3.53
3.99
2.41
3.49
3.80
3.79
3.67
3.76
2.26
3.64
2.49
3.91
3.18
3.99
4.13
3.81
3.75
3.31
2.75
3.33
3.00
4.11
4.32
2.82
2.40
3.63
3.94
3.66
3.90
3.67
4.13
3.43
2.40
4.37
3.19
3.37
3.71
2.59
3.77
3.28
3.19
3.86
4.46
3.97
4.07
4.52
3.04
3.90
3.86
4.01
3.73
4.21
3.48
3.43
4.42
2.74
4.29
3.79
4.04
3.88
1.85
3.82
3.53
3.46
3.45
3.06
4.37
3.15
4.58
3.85
3.44
3.97
4.49
3.43
3.09
4.37
3.99
4.53
4.04
3.54
3.85
3.78
4.02
2.94
3.46
3.91
3.48
3.49
4.69
4.39
3.97
3.37
3.81
3.11
3.66
3.09
3.96
4.15
2.96
4.01
3.51
3.58
3.19
3.15
3.45
2.77
3.55
3.73
3.06
4.53
3.53
3.21
3.81
3.47
3.35
3.01
3.10
2.88
3.71
4.54
4.03
3.66
3.15
3.95
3.64
3.82
4.66
4.19
4.30
3.22
4.22
3.38
3.88
1.64
3.59
3.35
3.34
1.72
3.66
4.30
3.06
3.55
3.67
3.07
3.10
2.55
3.24
2.26
2.86
2.69
3.52
3.21
4.36
3.88
3.22
3.10
3.51
3.23
3.28
4.71
4.13
3.05
2.19
3.98
3.94
3.57
3.57
3.70
3.33
4.02
2.51
3.37
4.14
3.82
3.77
3.53
3.18
3.19
3.61
4.32
4.15
3.19
3.73
3.19
3.01
4.08
4.05
4.22
4.28
3.70
3.15
3.70
3.51
4.65
3.47
3.48
3.60
3.17
3.18
4.13
4.05
4.17
3.80
3.26
2.29
3.47
4.09
3.64
3.35
4.75
4.00
3.49
3.61
4.55
4.26
3.23
3.67
3.54
4.06
3.57
3.01
3.85
3.90
3.40
4.24
3.40
3.29
4.00
4.41
2.65
3.61
3.03
4.71
3.12
3.79
2.46
2.40
3.31
3.84
3.16
3.22
3.30
3.72
3.15
2.98
3.78
4.24
3.53
3.76
3.48
3.89
3.09
3.48
2.38
3.47
3.23
3.22
4.01
3.42
3.36
2.77
3.25
3.99
2.05
1.00
3.56
3.71
3.40
3.44
4.52
3.89
2.25
3.66
4.37
3.69
4.05
3.84
3.27
4.14
4.05
3.85
4.14
4.19
2.35
2.76
3.15
1.00
3.91
4.07
3.82
4.06
3.47
3.61
4.18
4.06
4.10
4.25
3.14
3.38
3.73
2.25
3.56
3.05
4.06
3.50
3.99
3.62
4.51
3.20
2.62
2.92
2.97
4.29
3.45
4.34
2.53
3.23
3.89
3.78
2.83
3.55
4.16
4.17
3.21
3.17
3.20
3.01
3.79
2.76
3.51
3.71
3.55
3.32
3.50
3.72
3.18
3.55
3.90
2.85
3.62
3.39
3.77
4.21
3.61
3.43
3.81
2.88
3.14
4.14
2.52
3.54
3.50
3.49
4.39
3.13
3.45
3.06
4.18
4.52
4.13
4.04
4.43
3.26
4.57
3.84
3.56
3.23
3.31
2.74
3.82
3.27
3.71
4.31
2.47
4.09
4.25
3.63
4.02
3.91
3.07
3.24
4.33
3.75
3.42
3.22
3.84
4.30
3.95
3.59
2.72
3.92
4.42
3.84
4.22
3.04
2.63
3.88
4.26
4.22
3.31
3.90
4.24
3.26
4.39
3.02
3.61
4.12
3.63
2.74
3.38
3.98
3.74
3.33
3.41
3.17
3.09
2.71
3.71
4.66
3.87
4.38
2.66
4.58
2.53
3.69
3.00
1.26
3.15
3.40
2.76
3.97
4.35
3.60
3.62
2.67
2.28
4.16
3.84
3.48
3.65
3.55
3.96
4.10
1.78
3.21
3.71
4.41
3.63
3.65
3.15
2.62
1.95
2.84
3.37
3.88
3.38
4.17
3.28
3.30
4.19
5.00
3.69
3.81
3.84
4.38
2.09
3.31
3.93
3.39
4.55
3.03
4.00
3.95
4.04
3.62
4.01
1.77
4.19
3.66
3.38
4.21
3.60
2.66
3.73
3.39
4.04
3.48
3.04
2.42
3.69
3.16
2.34
3.81
3.22
3.36
3.28
2.46
3.66
3.67
3.06
4.21
3.70
1.84
2.76
3.07
3.80
4.20
4.18
3.95
3.14
3.57
4.12
2.83
3.65
3.56
2.38
2.82
3.93
3.18
4.21
3.46
2.81
2.26
4.09
2.90
4.06
2.64
3.20
3.27
2.05
4.03
3.79
2.92
3.27
3.72
4.06
4.33
2.97
3.45
3.76
3.82
4.11
3.22
3.99
2.53
3.31
3.31
3.46
3.46
4.25
4.73
2.72
3.61
3.26
4.25
2.69
3.41
3.86
3.50
3.27
3.21
3.52
3.30
2.79
3.38
3.39
4.34
3.40
3.97
3.41
3.08
2.97
2.94
3.06
3.21
1.85
2.98
3.02
2.89
3.45
3.22
3.82
4.51
3.71
4.11
4.01
3.88
2.95
2.95
3.59
4.10
3.72
4.09
3.76
3.75
4.34
3.63
3.93
3.40
3.02
3.60
2.92
3.54
3.40
3.47
2.28
3.81
3.14
3.84
2.90
3.45
3.56
3.07
3.19
4.53
2.94
3.59
3.74
3.34
4.61
2.50
3.03
3.01
3.67
3.38
3.94
3.24
3.56
3.58
3.86
3.66
2.96
3.99
3.90
4.02
2.98
3.38
3.87
3.45
3.58
3.69
3.54
4.33
4.19
4.04
3.59
2.65
4.02
4.32
2.18
3.01
3.58
3.63
3.06
2.78
4.33
4.28
3.70
4.13
3.73
4.41
3.41
3.79
3.33
2.98
3.60
4.03
3.49
2.89
4.00
3.71
3.12
2.81
3.47
3.97
4.13
4.48
3.22
3.16
3.91
3.72
4.55
4.08
4.11
3.91
3.24
2.83
4.71
3.24
3.35
3.08
3.67
4.66
3.28
3.53
4.19
3.32
2.97
3.10
3.49
4.33
3.53
3.93
2.66
4.37
3.80
3.59
3.50
4.75
3.60
3.32
3.49
2.84
4.09
3.30
4.09
3.77
3.73
3.79
3.21
3.23
3.42
3.06
3.95
3.35
3.22
3.28
3.17
3.91
3.85
3.49
3.75
3.98
4.24
3.61
4.23
4.22
3.07
4.06
3.47
4.20
3.50
1.72
4.14
3.44
3.77
3.65
3.40
3.34
3.77
3.12
2.92
4.01
3.47
3.34
4.34
3.83
3.18
3.58
3.05
3.49
3.79
3.79
4.46
1.16
3.41
3.23
3.97
4.33
4.27
3.24
3.45
2.54
3.42
3.71
4.15
3.75
3.62
2.75
3.58
4.15
3.43
4.07
3.90
3.99
3.16
2.45
4.40
4.01
3.14
3.76
3.28
2.82
2.91
3.79
4.38
2.77
3.21
3.34
3.53
3.75
3.33
3.79
4.43
3.44
3.47
4.12
3.82
4.12
3.75
3.51
4.22
3.09
4.18
2.40
3.65
1.73
3.67
3.85
4.31
3.83
3.27
3.87
3.06
4.68
3.62
3.14
4.36
3.63
3.41
4.12
3.45
3.97
4.04
2.92
4.14
3.87
3.97
2.86
3.36
3.89
3.50
3.98
3.72
3.98
2.03
3.64
3.04
4.62
4.23
4.34
2.97
4.10
3.56
2.69
3.90
4.23
4.28
2.74
3.09
3.52
3.81
3.21
3.98
3.80
4.26
3.93
3.12
2.71
3.09
3.81
3.07
3.75
3.61
3.30
3.69
4.11
4.13
3.92
4.39
4.03
4.14
4.20
3.70
2.39
3.68
3.98
4.26
4.41
3.29
3.54
3.32
4.14
3.58
3.86
2.80
3.28
3.55
2.03
3.91
4.04
4.44
4.01
3.57
3.85
3.42
2.45
4.28
4.38
3.86
2.79
3.83
3.85
4.25
3.43
2.78
3.83
3.02
4.21
2.29
3.36
3.36
4.80
2.92
3.01
3.21
4.16
4.22
2.74
3.17
3.33
3.42
3.10
3.70
3.12
3.77
4.34
3.77
3.74
4.11
3.05
3.46
3.70
4.27
3.81
3.09
4.33
2.80
4.28
3.36
3.93
4.05
4.47
2.87
3.64
4.07
3.55
4.82
3.74
3.08
2.76
4.25
3.98
3.09
3.70
4.06
3.25
4.74
3.28
3.36
3.82
3.69
3.96
3.69
3.88
4.43
4.30
3.35
3.12
3.41
3.75
3.00
3.33
4.08
3.46
3.86
3.69
3.20
4.25
1.72
3.29
3.61
1.93
3.32
2.34
3.36
2.88
3.41
3.22
4.48
3.90
3.60
3.53
3.12
3.54
3.73
4.04
4.29
3.75
3.94
3.67
3.98
4.25
3.29
4.24
2.38
3.63
3.03
2.61
3.09
3.70
3.75
2.59
2.77
3.69
3.70
3.52
2.49
3.66
3.68
3.42
3.60
3.26
3.29
3.15
4.45
4.56
2.81
3.66
3.62
4.00
3.43
2.87
4.16
3.33
3.84
2.77
2.92
3.83
4.56
3.16
3.44
1.87
3.31
3.30
2.76
3.28
3.75
3.49
2.12
4.36
3.31
3.61
3.35
3.57
3.20
3.72
3.86
4.33
3.40
4.21
2.94
3.29
3.94
2.87
3.44
3.94
3.81
4.48
4.02
2.84
3.52
3.61
3.17
3.22
3.19
3.80
3.90
4.28
4.05
3.85
4.27
3.56
3.40
3.72
4.35
3.51
3.98
3.12
3.15
3.10
2.06
4.11
3.23
3.86
3.68
3.70
3.85
3.50
1.13
4.29
3.76
4.16
2.41
3.69
3.44
3.43
3.77
3.04
4.27
2.45
4.56
4.03
3.43
4.85
3.84
3.11
4.18
4.74
3.98
3.52
4.46
3.96
3.17
2.46
3.11
2.39
3.69
3.23
4.03
2.43
3.46
3.16
3.18
4.87
4.42
4.32
4.30
3.63
3.10
3.36
3.35
3.61
3.64
3.27
3.80
2.94
3.82
4.94
4.13
4.20
4.12
3.68
4.21
3.24
3.08
3.97
3.96
3.69
2.73
1.80
4.00
3.98
2.69
3.79
3.85
2.26
3.34
4.01
4.04
4.60
4.13
3.53
2.89
3.46
3.07
3.94
2.20
3.60
3.79
3.17
4.40
3.84
3.45
2.25
2.86
3.16
4.13
4.21
3.73
3.51
2.54
2.84
2.13
3.76
2.42
3.79
3.48
3.25
3.65
3.72
3.29
3.48
3.95
3.40
3.34
4.04
3.80
4.32
4.02
1.57
3.97
2.63
2.92
2.85
4.50
3.31
3.02
3.86
3.22
3.52
3.46
4.03
3.42
3.86
2.85
3.68
3.40
3.40
2.89
4.05
4.58
3.56
4.04
3.23
3.63
4.02
3.69
3.83
3.22
4.38
4.33
3.95
3.13
3.43
3.81
3.18
4.61
3.31
1.91
4.03
4.39
2.97
4.09
4.42
3.98
3.48
4.21
3.65
3.13
3.69
3.01
3.88
3.45
4.22
3.16
2.68
3.02
3.08
3.28
2.47
3.41
4.62
4.52
4.71
3.99
3.89
4.07
3.68
2.48
4.02
3.00
4.63
4.03
3.66
3.26
3.72
2.73
3.92
2.49
3.99
2.75
3.58
4.62
3.37
3.10
3.44
2.11
2.77
4.11
3.66
3.55
3.28
3.66
3.55
4.45
3.11
2.74
4.03
3.60
3.54
4.60
3.49
2.81
3.63
3.64
3.32
2.87
4.32
2.86
3.94
3.55
2.97
4.17
3.59
2.72
2.76
2.68
3.57
3.66
3.52
4.25
3.42
3.55
3.19
4.01
3.57
3.53
4.16
3.92
2.62
4.16
3.05
4.14
2.39
3.01
3.15
2.19
3.33
3.27
2.99
4.20
3.23
3.46
4.45
4.01
3.14
3.60
3.86
3.33
3.84
4.16
3.76
3.77
3.93
3.65
3.81
3.54
3.56
3.76
3.34
2.83
3.06
3.56
3.59
3.59
4.15
3.62
4.01
3.67
3.22
3.93
3.47
2.82
4.02
3.31
3.58
3.44
3.33
3.38
3.72
3.04
3.98
2.65
2.40
3.54
3.05
2.99
3.43
3.20
3.53
3.11
3.47
3.48
3.80
4.30
2.80
4.45
3.82
3.39
3.82
4.33
3.84
3.07
3.27
3.10
2.33
2.94
3.47
3.88
3.96
4.01
3.33
3.35
3.96
3.43
3.21
3.44
4.20
3.56
4.32
2.88
3.21
3.17
3.57
3.68
3.13
3.22
4.72
2.96
4.31
3.95
3.17
3.79
4.31
4.50
3.61
3.92
3.76
4.48
2.90
3.23
3.75
3.04
3.66
3.96
3.63
3.80
3.66
4.29
4.44
3.80
3.95
3.67
3.69
3.04
3.41
4.31
3.09
3.63
4.05
3.66
4.06
3.95
3.28
3.39
3.57
2.85
3.10
4.32
3.33
3.71
4.39
3.99
3.44
3.39
3.90
2.57
2.96
3.27
2.83
3.87
3.40
2.62
2.67
3.91
3.24
4.19
2.47
3.80
3.77
3.50
3.91
2.43
4.14
3.17
4.41
3.17
3.77
3.49
4.43
3.68
4.62
2.70
4.42
2.49
2.47
4.16
3.03
4.59
3.97
2.61
3.73
3.60
3.02
3.26
3.55
3.60
2.54
3.77
4.04
4.17
3.35
4.37
3.58
3.57
4.47
4.09
3.20
2.92
3.00
3.31
3.33
3.32
4.13
4.87
3.97
3.78
4.08
2.90
3.25
4.44
3.51
3.42
3.99
3.20
2.69
4.13
4.09
3.85
3.41
3.34
3.80
2.29
4.08
3.40
4.23
3.30
3.57
3.65
2.59
3.14
3.07
3.77
3.02
4.23
4.15
3.22
3.31
2.97
2.97
4.07
3.29
2.77
4.31
3.81
1.62
3.87
3.32
3.14
2.66
2.64
2.25
3.77
3.06
3.77
3.75
3.55
3.62
3.91
1.96
4.00
3.17
3.81
3.22
3.65
2.26
3.88
4.03
4.27
4.02
3.32
2.38
3.28
3.29
4.43
3.71
3.26
4.04
3.52
3.98
2.43
2.95
3.16
3.28
2.84
3.59
3.72
3.33
2.90
3.98
4.48
3.14
4.19
3.53
3.32
3.79
3.46
3.86
3.25
3.66
3.57
3.19
3.97
3.29
3.20
4.06
3.27
3.61
3.83
3.64
3.66
4.37
3.84
3.31
4.16
2.62
3.13
3.24
3.70
3.07
4.06
3.89
3.63
2.79
3.27
3.92
3.16
3.79
3.72
3.73
3.60
3.60
1.99
2.91
2.80
3.38
4.14
3.94
3.28
4.17
4.05
3.92
2.47
2.72
2.76
3.60
3.27
3.37
3.13
3.05
2.88
3.88
2.90
4.26
3.87
3.36
3.66
3.12
4.65
3.86
3.75
3.81
3.77
3.67
4.27
3.64
4.45
4.23
3.91
3.46
3.66
3.22
3.02
4.06
3.28
3.22
4.44
4.16
3.96
3.65
2.71
3.68
3.89
4.10
4.28
3.82
3.62
3.67
2.50
3.21
2.71
3.12
3.84
2.15
3.92
2.70
3.28
3.76
4.13
2.36
3.86
4.29
4.09
3.69
3.63
3.44
3.36
3.39
4.12
3.41
2.17
3.61
3.66
3.20
4.16
2.80
3.91
3.73
3.65
4.14
3.22
4.29
3.40
2.65
3.24
3.46
2.71
3.59
3.90
4.30
3.80
3.22
3.05
3.59
4.11
3.67
3.14
3.01
3.85
4.19
3.75
3.55
3.84
3.61
3.28
3.51
3.37
3.82
4.37
3.66
2.57
3.46
3.52
3.01
3.09
3.07
3.52
2.89
3.33
3.48
3.42
3.22
3.75
3.56
3.52
4.58
4.04
3.67
3.85
3.45
4.37
4.28
3.78
4.23
4.26
4.29
3.24
4.08
4.85
3.71
4.03
3.23
3.42
3.99
3.08
3.13
4.11
3.87
4.32
4.56
3.33
2.94
3.81
2.52
3.25
2.61
4.26
2.45
4.17
2.75
3.01
3.47
4.02
3.56
3.40
3.64
4.85
2.49
2.67
4.21
3.20
3.33
3.05
4.27
3.93
3.13
3.67
3.96
3.10
3.77
3.91
3.02
2.72
3.93
3.14
3.51
4.00
4.63
4.31
3.79
3.82
3.99
3.76
4.10
4.38
2.22
3.81
4.04
3.49
3.42
3.80
3.24
3.63
2.85
2.53
3.73
2.54
3.78
3.87
3.26
3.29
3.68
4.34
3.60
2.02
3.48
2.55
3.80
3.89
3.71
3.95
4.09
3.98
3.10
2.23
4.27
1.85
2.59
3.38
3.13
3.25
3.83
3.94
3.13
4.47
3.40
2.70
4.19
3.21
3.65
3.81
3.04
3.44
3.99
3.92
3.58
4.60
3.94
3.93
3.92
4.23
3.44
3.46
4.28
3.57
3.24
3.33
3.57
3.61
2.91
3.62
3.39
4.70
3.30
3.38
4.15
3.77
3.63
4.01
4.11
3.85
3.45
3.68
3.82
3.69
3.72
3.82
4.07
4.12
2.87
3.69
2.82
3.60
2.86
4.26
3.40
3.28
3.66
3.36
4.20
3.48
4.22
2.42
3.66
4.36
3.22
3.56
2.92
2.32
3.80
3.51
3.30
4.07
3.50
4.00
3.76
3.71
3.90
3.22
4.13
2.70
3.33
2.78
2.46
3.33
2.78
2.86
2.75
3.68
3.47
3.81
3.63
1.86
2.51
3.54
3.78
2.61
4.05
3.63
4.29
4.71
3.50
3.20
3.53
3.72
3.99
3.01
2.71
3.45
3.73
3.75
2.60
2.82
2.22
3.16
4.40
3.73
3.22
3.49
3.44
2.89
3.06
3.43
2.63
3.34
2.46
3.42
3.84
3.97
3.69
3.33
1.77
3.17
4.44
3.83
4.41
3.84
3.91
3.33
4.29
3.63
3.87
3.14
2.48
4.05
3.71
4.37
3.53
3.76
2.62
2.94
3.20
3.39
3.98
3.30
3.30
2.97
3.56
3.58
3.28
2.97
3.43
4.07
4.21
3.47
2.79
3.08
3.60
4.02
3.61
2.81
4.67
1.91
3.35
2.97
3.49
2.04
3.94
2.65
4.40
3.94
2.52
3.97
3.68
4.12
3.35
3.60
3.63
3.78
4.23
2.79
4.13
3.29
3.95
3.56
3.56
2.61
4.08
4.25
4.39
3.54
3.42
3.85
3.33
4.33
1.70
3.43
3.47
4.16
4.21
3.45
3.14
3.48
3.55
2.44
3.86
3.34
4.04
4.25
4.69
3.72
4.05
3.75
4.23
3.27
3.95
3.91
3.43
4.41
4.12
4.34
4.29
4.05
3.22
2.98
3.24
3.40
4.13
2.79
4.11
2.14
3.10
4.23
3.91
3.74
3.61
4.49
3.05
3.24
3.91
3.58
3.19
3.66
4.16
3.92
2.77
3.46
3.89
3.66
3.66
3.69
3.45
4.03
3.56
3.45
2.59
2.93
3.53
3.70
3.58
3.88
4.46
3.65
4.27
3.77
3.03
2.89
3.82
3.94
4.38
3.31
3.01
3.52
3.25
3.40
3.61
3.64
3.07
3.97
2.89
4.02
4.12
3.21
3.79
4.17
3.73
3.78
3.46
2.83
3.24
3.08
4.14
2.74
3.49
3.52
3.43
2.93
4.38
3.98
3.71
3.72
3.35
4.08
3.50
3.08
3.77
3.20
1.70
3.70
4.12
3.92
3.45
3.94
3.33
4.21
2.50
3.54
4.30
4.01
3.73
3.64
4.00
3.98
3.63
3.45
2.94
3.75
4.23
3.79
4.15
3.01
3.68
3.11
3.27
3.23
3.47
3.51
3.95
3.49
2.99
4.22
3.26
3.59
4.22
3.88
2.93
2.63
3.80
4.11
3.63
3.58
4.84
2.06
3.57
3.85
2.75
4.06
3.09
3.43
2.92
3.94
3.41
3.73
1.84
3.93
3.70
3.65
3.67
3.97
3.54
3.50
2.31
3.04
3.45
3.80
3.00
2.78
4.46
3.03
4.19
2.81
4.66
3.68
2.99
3.64
4.35
3.63
3.69
4.05
3.49
4.48
4.01
3.76
4.29
4.13
4.27
3.73
3.27
3.72
3.99
3.61
3.10
1.56
3.73
3.88
3.37
2.55
3.16
4.31
3.33
2.74
3.07
4.70
3.74
2.94
3.43
3.13
4.19
4.21
2.57
3.22
4.28
3.34
4.23
3.46
3.74
2.75
3.93
3.90
3.58
4.60
2.97
3.19
3.34
3.38
3.56
3.25
4.23
2.92
3.44
4.54
3.45
3.68
3.25
4.40
4.25
3.23
4.49
3.73
3.92
3.23
3.81
3.55
4.42
3.97
4.19
3.81
3.36
3.70
2.17
4.13
4.15
4.17
4.56
3.53
3.11
3.19
3.98
5.00
4.54
4.18
3.17
3.46
2.91
4.08
3.60
4.32
3.75
3.92
3.38
3.91
2.24
4.33
3.67
4.50
3.11
2.60
2.74
3.28
3.85
4.54
3.72
3.61
4.15
3.50
2.84
4.01
3.90
3.40
3.64
2.49
3.91
3.30
4.73
3.59
4.20
3.51
3.54
4.61
2.59
3.28
4.21
4.12
3.33
3.98
3.77
3.15
3.20
2.89
3.62
3.88
3.48
4.27
3.62
3.43
3.87
3.21
4.65
2.74
3.11
3.69
3.38
4.01
3.07
3.87
4.05
2.69
3.20
3.67
3.47
3.80
3.64
4.49
2.74
2.98
4.03
3.36
2.85
3.38
4.09
3.57
3.40
2.71
3.53
3.44
3.22
3.87
3.33
3.64
2.92
3.84
3.24
4.39
2.81
3.72
3.31
3.11
4.17
4.05
2.82
3.61
2.48
3.14
3.75
3.95
2.36
3.99
3.76
4.29
2.68
3.28
2.66
4.01
3.69
3.21
3.92
2.81
4.20
3.30
2.74
3.50
2.25
3.93
3.17
3.54
3.81
4.47
3.76
4.05
1.66
2.71
3.29
4.41
2.90
3.39
3.70
3.37
2.30
3.87
4.75
3.92
1.91
3.80
3.69
2.74
4.10
2.98
3.40
3.87
3.49
3.99
3.82
3.89
3.30
3.57
3.35
4.15
4.26
3.43
4.07
2.66
4.15
3.24
2.26
3.67
3.18
3.65
4.70
3.64
3.37
3.36
3.92
3.13
4.08
2.71
3.94
4.60
3.19
3.61
3.77
4.13
3.38
3.01
3.87
2.73
3.62
3.89
2.97
3.39
2.49
3.87
2.93
4.20
4.03
3.66
3.06
3.55
3.56
3.29
3.60
2.96
2.61
3.10
2.09
3.14
3.25
3.27
4.47
3.77
4.35
3.35
3.49
3.97
2.20
3.91
3.54
2.63
3.94
3.77
4.02
3.94
3.40
4.16
3.54
2.91
4.18
4.04
4.21
3.21
2.15
3.05
3.87
3.96
3.77
3.54
3.02
3.15
4.00
3.60
4.49
4.78
3.58
2.90
2.31
3.44
3.89
3.81
3.61
4.10
2.65
2.85
2.09
4.10
3.51
3.90
3.95
3.01
3.99
3.18
3.86
4.03
3.64
2.66
3.90
3.39
4.04
3.90
2.60
3.44
4.08
3.39
3.72
3.27
3.69
3.91
2.80
2.90
2.98
4.14
4.18
3.25
3.86
3.16
4.04
3.91
3.01
3.50
3.40
3.38
3.37
2.35
4.60
3.81
3.75
3.92
3.87
3.90
3.71
2.81
4.67
3.83
3.26
3.65
2.83
3.36
4.02
4.36
4.36
4.33
3.89
3.27
3.60
3.77
3.30
4.05
2.66
3.88
4.44
3.91
2.73
3.55
4.20
2.42
3.75
3.70
2.13
4.25
4.19
3.67
3.45
2.92
3.94
4.08
3.09
3.83
2.71
2.87
1.69
3.68
3.45
3.19
4.04
4.40
4.01
3.67
2.90
4.07
3.36
3.62
2.42
3.25
3.79
2.55
2.94
3.99
3.58
4.11
4.04
4.07
3.03
3.40
4.42
4.06
4.21
3.13
3.31
3.57
3.87
2.74
3.36
3.85
3.34
2.93
4.03
2.27
3.70
4.15
3.89
3.20
2.74
4.01
3.05
3.82
3.50
3.57
2.69
4.28
4.24
3.42
3.28
3.85
3.31
3.04
3.58
2.51
4.24
3.09
3.29
3.45
3.21
3.89
3.33
4.22
2.72
2.60
2.69
3.56
3.75
4.35
2.74
3.61
3.11
2.96
3.43
3.19
4.62
4.28
3.54
4.02
3.28
2.90
3.70
3.23
4.17
4.25
3.69
2.82
1.44
3.52
3.95
3.59
3.86
1.58
3.59
3.14
3.10
3.64
4.26
2.76
3.78
4.08
3.31
3.16
3.46
2.81
3.29
3.81
3.10
2.73
4.06
3.24
3.36
4.24
3.67
2.73
3.96
4.05
3.04
3.58
3.29
3.90
2.65
3.54
3.45
3.30
3.39
2.85
4.07
3.01
3.36
4.15
4.18
3.46
3.39
3.86
2.56
3.58
3.80
3.30
4.18
3.65
2.85
2.90
4.53
3.18
3.69
3.66
4.78
3.60
2.94
3.90
3.32
4.27
3.52
3.81
4.08
3.83
3.91
2.32
2.75
3.49
3.81
4.04
2.62
3.76
3.48
3.34
3.73
3.80
2.72
2.61
3.27
2.71
3.48
3.25
3.74
3.77
3.29
3.47
3.74
3.60
4.40
3.97
3.52
3.88
2.47
2.15
3.95
3.44
3.36
4.28
3.13
3.63
3.60
3.49
3.38
4.03
2.84
4.09
3.66
3.53
3.86
3.48
3.97
3.68
4.10
3.54
3.86
2.85
3.03
4.24
3.39
3.77
4.23
3.00
3.90
3.36
3.74
2.95
2.70
3.50
4.54
4.57
3.04
3.90
3.31
3.44
1.83
3.59
2.86
3.81
3.26
2.91
3.99
3.92
3.80
3.44
3.82
3.41
3.80
4.23
2.66
3.59
3.78
4.38
3.84
4.77
2.81
2.90
2.51
4.15
2.67
3.34
3.00
3.42
3.94
3.23
4.20
3.04
4.07
3.18
3.16
3.29
4.20
3.72
4.15
3.18
2.92
4.05
4.33
3.63
3.24
2.96
4.36
3.62
3.57
4.21
3.31
3.16
3.47
3.88
3.57
3.33
3.15
3.77
3.08
4.16
3.96
3.91
3.97
3.44
4.20
3.75
3.64
3.75
2.79
3.97
3.83
3.68
2.96
3.46
3.20
3.80
3.62
3.57
3.97
3.79
3.86
4.61
3.98
3.01
4.28
3.14
2.45
4.02
3.34
3.60
3.65
3.32
4.00
2.84
4.18
3.35
3.43
3.63
3.44
3.61
3.42
3.52
3.30
3.77
3.26
3.02
3.60
4.08
3.10
2.76
3.27
4.02
4.06
3.24
3.67
2.95
3.96
4.36
2.96
3.01
3.87
4.28
3.53
3.64
4.25
3.98
3.82
4.05
2.95
1.08
3.59
3.52
4.21
3.49
3.28
3.27
3.14
3.92
3.56
4.40
4.31
3.85
2.92
2.77
3.69
4.23
3.18
4.03
3.35
4.00
2.43
3.35
3.23
3.41
3.46
1.43
3.83
2.10
4.14
1.40
1.26
3.91
4.19
3.85
1.53
3.09
4.09
1.33
2.65
3.36
3.23
3.93
4.15
3.11
3.98
4.26
3.78
3.52
2.61
4.55
2.19
3.23
3.90
4.22
3.92
3.68
3.93
4.00
3.77
3.85
3.50
4.75
3.34
3.91
3.24
3.56
2.96
3.96
3.22
3.23
3.75
3.34
3.76
3.62
2.82
4.13
4.59
3.68
3.02
4.27
3.99
2.41
3.12
3.89
3.23
3.62
3.96
3.69
3.91
3.35
3.62
3.74
3.81
3.22
4.13
4.03
3.05
4.30
2.35
3.19
2.44
3.50
3.86
3.90
3.70
3.16
4.00
3.45
4.20
2.94
3.62
4.42
2.89
3.34
3.43
3.74
3.79
3.66
2.98
3.41
3.87
3.68
3.11
3.88
2.83
4.48
3.13
2.82
3.81
4.04
3.28
3.15
3.04
3.16
4.13
2.40
4.51
4.06
4.08
3.54
3.05
3.66
3.71
3.85
3.49
3.30
2.30
3.65
2.72
3.72
3.63
3.24
3.21
3.55
2.31
3.77
3.89
4.02
3.67
3.72
3.40
1.62
2.44
3.37
3.58
2.95
3.73
3.06
3.87
3.92
3.56
3.72
3.47
4.45
2.64
3.68
2.55
4.02
3.13
3.66
2.96
3.94
3.07
3.73
2.84
3.61
3.80
3.92
3.61
3.74
2.90
2.59
2.79
3.08
2.84
2.11
4.56
3.75
2.92
3.76
3.68
3.60
4.04
2.43
2.79
3.82
4.12
3.26
3.79
3.83
3.68
3.59
3.00
4.46
4.12
3.93
4.96
2.47
3.35
3.95
3.59
3.46
3.64
3.58
4.49
3.25
3.93
2.14
4.65
3.44
2.70
3.36
2.93
3.53
3.85
3.50
3.36
4.11
1.93
3.23
4.07
3.97
3.81
4.07
3.62
3.18
4.21
3.15
3.92
2.78
4.36
3.09
2.94
3.17
3.19
3.65
3.70
3.76
3.72
3.03
4.00
3.59
3.06
4.55
3.15
3.47
3.25
2.89
3.49
1.98
3.94
4.48
3.43
2.80
3.76
2.63
2.67
3.16
3.93
3.82
4.39
2.86
3.87
4.09
2.29
3.96
2.04
3.95
3.54
2.08
3.44
3.02
3.96
3.99
3.86
3.27
2.43
3.03
2.76
3.08
4.04
2.12
4.33
2.86
3.08
3.15
4.45
2.44
3.96
3.53
2.99
2.58
3.71
3.85
3.22
4.17
3.66
4.22
3.61
3.29
3.28
3.89
3.69
2.76
4.16
3.24
3.97
4.23
2.99
3.66
4.17
3.47
3.14
3.84
3.83
4.43
3.23
2.93
4.42
3.13
4.36
4.58
3.27
3.71
2.16
2.78
3.30
3.91
3.59
2.76
3.53
3.76
3.61
2.03
3.60
3.18
3.57
3.83
4.14
4.21
3.52
2.52
4.12
3.85
3.00
3.27
3.16
3.87
4.21
3.24
3.28
3.43
3.24
3.71
3.64
3.18
3.29
3.42
4.08
3.83
3.30
4.13
3.17
2.38
3.98
3.10
3.18
4.37
2.46
4.27
4.19
3.85
3.17
3.66
3.82
3.37
3.28
4.47
3.08
2.96
3.14
2.89
3.95
3.94
3.80
2.49
3.55
4.46
3.77
4.66
4.11
4.52
3.47
4.08
3.87
4.34
2.52
3.28
3.64
4.15
2.87
3.27
1.76
4.38
4.27
4.70
2.17
3.18
3.50
1.86
4.38
4.02
4.00
3.70
2.09
4.32
4.28
2.90
3.40
1.71
3.94
3.60
2.92
3.45
3.75
3.99
4.24
3.58
4.87
3.37
1.55
2.02
3.46
2.76
4.39
4.72
2.72
3.87
3.98
3.27
3.42
3.65
4.82
4.00
3.56
3.92
3.32
3.23
2.85
3.46
4.38
3.38
3.09
3.69
3.36
3.64
3.01
3.12
3.71
1.54
2.16
3.74
3.14
3.65
3.56
3.40
2.71
3.52
2.67
3.00
4.04
3.81
4.11
4.12
3.32
3.76
3.55
3.21
4.52
2.99
2.62
3.20
3.08
4.24
4.03
3.29
3.29
3.01
4.08
3.21
4.13
3.90
3.16
3.61
3.17
3.47
3.92
4.08
3.74
3.75
4.15
2.96
3.52
4.29
2.58
3.10
4.06
3.41
3.05
3.42
3.41
3.73
2.83
3.27
3.95
2.09
3.32
3.14
3.79
3.61
4.96
3.96
4.23
3.40
4.02
4.10
3.07
3.27
4.17
3.57
3.79
3.53
4.30
4.14
3.40
4.18
3.12
3.91
3.17
2.70
3.86
4.06
2.95
4.20
4.09
4.13
3.35
4.16
3.86
3.07
4.21
3.34
3.50
3.67
3.77
2.90
1.93
4.70
3.29
3.87
3.52
3.19
3.52
2.27
4.38
3.96
3.98
2.88
3.17
3.34
4.12
3.36
3.81
4.09
3.82
3.80
3.12
2.92
2.55
3.63
3.57
3.31
3.16
3.38
2.71
2.65
2.95
3.97
3.36
3.04
3.91
3.11
4.00
1.98
4.43
2.82
4.05
3.17
3.27
3.48
3.97
2.47
3.47
3.27
3.76
4.22
3.51
2.34
4.11
3.68
3.30
3.59
3.22
4.48
3.12
2.98
3.62
3.41
4.17
3.09
3.76
2.58
2.85
3.48
3.41
3.71
3.07
3.61
4.23
3.52
3.33
2.75
3.23
3.77
4.07
4.69
3.35
3.59
3.51
3.07
3.22
2.19
3.60
2.73
2.85
2.99
3.30
3.75
2.71
2.00
3.55
3.29
3.72
3.40
2.23
4.00
4.80
2.91
3.99
2.28
3.43
3.38
4.18
3.61
2.58
3.02
3.71
4.17
3.86
3.87
3.98
3.18
2.53
2.89
4.16
3.30
3.46
3.62
4.62
4.61
4.58
3.40
3.49
4.10
3.20
2.93
3.93
3.56
3.78
2.60
3.50
3.04
3.92
3.32
3.77
2.95
4.42
4.11
3.86
2.85
1.73
3.64
3.22
3.46
3.89
3.38
3.88
3.54
3.27
2.45
4.14
3.85
3.35
3.18
4.28
3.26
3.17
3.09
3.01
2.47
3.88
3.31
3.68
2.88
3.43
4.41
4.24
2.80
3.38
2.67
3.64
4.09
3.12
4.37
2.77
2.87
4.37
3.37
3.91
3.79
3.89
3.89
4.16
3.59
4.28
2.83
3.45
3.83
3.63
3.66
4.06
3.53
3.90
4.25
3.69
3.62
3.95
3.81
4.25
3.44
3.35
2.94
2.63
3.74
3.85
3.37
3.73
3.73
3.55
3.05
2.69
3.78
3.32
4.18
2.84
4.52
3.56
3.81
4.02
2.92
2.43
3.47
3.54
2.03
3.97
2.46
4.43
3.03
3.36
3.45
3.89
3.99
2.54
3.64
3.43
3.69
3.89
3.86
3.68
3.88
3.66
2.64
3.14
3.05
2.92
2.95
3.54
3.62
4.71
3.80
3.04
3.73
3.74
3.30
3.25
3.92
3.34
3.55
3.09
3.07
4.35
4.04
2.59
4.24
3.79
4.30
3.91
3.64
2.82
3.76
3.84
4.21
4.23
4.16
3.66
3.89
1.32
4.03
4.02
3.98
3.06
4.06
3.50
4.33
3.12
3.14
3.60
4.34
4.46
2.78
4.31
3.46
4.05
3.48
3.91
3.78
3.37
3.39
4.35
3.47
2.98
4.15
4.00
2.56
4.21
4.19
3.87
3.38
3.57
3.99
4.12
3.36
4.00
4.43
3.12
3.55
2.99
2.39
4.02
3.66
3.40
3.31
3.28
3.96
3.42
3.41
3.31
4.15
3.41
2.28
3.43
3.98
4.23
3.35
4.45
2.98
3.52
3.22
3.38
3.55
1.79
3.60
2.19
4.05
3.53
2.86
3.61
4.06
3.78
3.24
3.97
4.22
3.16
3.42
3.27
2.66
4.14
3.02
4.09
2.53
4.64
3.66
2.33
3.48
3.52
3.69
3.22
3.50
4.37
3.38
3.29
3.34
3.19
3.83
4.02
3.13
4.37
4.51
3.81
2.36
4.35
4.36
3.48
3.03
4.05
4.00
3.65
3.97
4.21
3.28
3.92
2.54
3.02
2.16
4.37
3.50
4.23
3.82
3.27
3.27
4.08
3.87
4.12
3.73
3.89
3.52
3.66
4.09
3.74
1.50
3.62
3.05
4.23
3.36
4.08
2.87
3.33
3.38
4.17
3.28
4.19
3.45
3.12
3.64
2.81
3.50
3.50
3.35
3.64
4.40
2.82
2.81
3.33
3.89
3.32
3.14
3.47
2.70
2.70
3.47
2.83
4.02
3.07
3.15
2.57
3.58
3.47
3.04
2.94
3.52
3.74
3.99
3.01
3.72
1.70
4.41
3.50
3.91
3.30
2.49
3.57
4.10
3.10
3.05
3.27
3.39
3.99
2.97
3.67
2.85
3.46
3.36
3.22
4.34
3.71
3.97
2.90
4.03
4.10
4.50
3.92
3.51
3.18
3.93
4.55
2.55
4.03
3.69
2.75
3.69
4.31
3.62
3.63
3.76
3.10
3.66
3.34
2.33
3.36
3.73
2.67
3.87
3.78
3.30
3.74
3.33
2.96
3.12
4.11
3.16
3.70
3.45
3.24
2.65
3.84
3.63
4.65
2.48
3.28
3.10
4.31
3.63
3.48
3.84
4.04
3.89
3.83
3.38
3.62
4.62
3.29
3.57
2.77
3.09
4.13
2.59
3.94
3.55
3.70
4.20
3.32
4.28
4.59
4.43
3.63
3.75
3.75
3.92
3.42
4.19
3.90
3.57
3.51
2.25
3.72
3.72
3.97
3.24
3.75
2.72
3.68
3.73
4.13
4.83
3.88
3.08
3.17
3.32
3.71
3.69
3.53
3.06
2.48
4.31
2.65
3.38
2.89
3.47
3.98
4.09
3.71
3.78
3.81
3.81
4.18
3.69
4.18
3.74
2.97
3.71
4.00
3.59
3.06
3.14
4.07
3.78
3.73
3.26
3.37
3.24
3.79
2.84
2.85
4.15
3.71
4.26
3.39
3.03
4.37
4.44
3.64
3.15
3.26
3.04
3.82
3.62
4.09
4.26
4.28
4.27
3.08
3.79
3.66
4.16
3.82
2.64
3.97
2.55
4.03
2.45
2.71
2.98
3.14
4.55
4.38
3.33
3.33
3.17
4.15
4.34
4.22
3.96
2.84
3.61
3.13
3.70
3.67
4.15
3.60
3.66
2.83
3.22
2.28
3.93
4.52
2.99
3.69
2.56
3.89
2.96
3.57
4.45
4.08
3.73
2.64
2.62
3.36
3.25
3.17
3.77
3.83
3.08
3.80
3.61
2.92
3.17
3.20
3.21
4.34
3.52
3.25
4.21
3.11
3.95
2.81
3.19
3.12
3.60
4.20
4.00
2.17
4.29
3.91
4.17
4.27
3.25
3.66
3.84
2.38
3.10
3.65
3.94
3.71
2.83
1.95
4.06
3.06
3.29
3.14
2.50
3.92
3.90
4.45
3.51
3.90
3.16
3.05
3.34
2.91
3.49
1.18
4.20
2.88
3.11
2.85
3.55
4.18
3.56
3.83
3.12
4.13
4.80
3.17
3.48
3.47
4.15
3.45
4.05
3.44
3.62
4.10
3.92
3.35
3.76
3.72
3.40
4.45
2.19
3.06
4.36
3.90
3.01
3.25
2.78
1.93
3.26
3.06
2.89
4.04
3.32
4.05
3.45
4.21
3.06
4.17
3.00
3.09
3.62
3.76
2.78
3.87
3.57
3.51
3.15
4.08
3.19
3.76
3.81
3.32
3.91
3.73
1.87
2.93
3.16
3.42
3.88
3.41
3.72
3.67
2.89
3.95
3.49
4.33
3.27
4.06
4.01
4.10
4.39
3.68
3.98
4.34
2.03
4.20
2.75
1.83
3.14
2.15
3.35
3.48
3.81
3.99
2.92
3.46
2.21
3.52
2.69
3.88
2.73
4.43
2.44
3.32
3.02
3.49
2.85
4.03
3.49
4.49
3.81
3.64
4.63
3.36
3.41
4.69
3.45
2.50
4.14
3.60
3.09
3.66
3.90
3.23
4.08
2.96
2.83
2.97
4.01
3.90
3.07
4.48
2.45
3.37
4.09
3.39
3.11
4.12
4.15
3.46
3.89
3.44
4.52
3.55
3.56
3.75
2.94
3.62
3.44
4.58
4.17
3.10
3.59
3.69
3.15
3.81
3.59
3.25
4.03
3.44
3.88
3.86
3.16
3.00
4.20
3.50
4.02
3.28
3.56
3.98
4.01
3.83
3.64
3.56
3.93
3.74
3.44
3.63
1.79
3.46
4.00
4.57
3.32
4.06
2.70
3.78
3.17
4.33
3.56
3.76
4.10
2.67
3.30
3.24
3.48
4.79
2.68
2.00
3.92
3.62
3.27
3.38
2.04
3.40
3.77
3.45
3.97
2.55
3.83
4.02
3.43
3.70
3.82
4.31
2.71
3.26
2.82
3.75
4.42
3.00
4.04
2.29
3.15
4.60
3.82
3.23
3.77
2.81
4.48
3.41
3.92
3.19
2.71
4.86
3.71
2.10
3.99
3.87
3.65
4.29
3.22
4.67
2.63
3.87
3.45
4.15
2.55
3.97
2.34
3.71
3.17
3.28
3.87
4.16
3.90
4.35
3.31
4.30
2.77
4.46
3.97
3.01
4.56
3.88
3.45
3.53
4.00
3.03
4.01
2.59
4.39
4.14
3.69
4.15
3.16
3.79
4.07
2.15
2.59
4.31
3.44
3.11
3.20
3.64
3.28
3.44
3.87
2.35
3.50
3.69
3.77
3.61
3.75
3.95
4.34
3.71
3.83
4.02
4.15
3.24
3.80
3.07
3.92
2.85
2.74
4.62
3.17
3.89
2.96
2.32
3.30
3.51
4.18
4.17
2.43
2.93
4.23
4.15
3.93
3.99
3.03
4.23
2.66
4.51
2.79
3.29
3.55
3.78
4.11
3.16
4.76
3.68
3.76
4.36
3.49
2.99
3.23
3.20
4.19
2.92
3.52
3.56
2.94
4.20
1.89
2.89
3.28
4.38
4.09
4.25
2.59
3.11
3.49
3.22
3.84
3.80
4.11
3.72
4.20
3.89
4.04
4.31
4.86
3.22
4.17
3.56
4.55
3.49
3.31
4.68
3.08
3.30
3.37
4.22
3.98
2.61
2.55
3.82
3.49
4.09
2.36
3.90
1.89
3.75
2.17
4.00
3.74
4.11
3.68
4.34
4.37
2.65
3.49
1.85
4.14
2.47
4.13
4.22
4.04
4.26
3.85
4.47
2.85
3.38
3.93
4.14
2.95
3.53
4.78
3.15
2.48
3.99
3.21
3.55
3.47
3.69
2.43
2.86
3.11
4.12
4.25
4.37
4.04
3.97
3.64
3.88
3.07
4.34
4.29
3.63
4.14
3.54
2.45
4.95
3.73
3.33
3.06
2.64
3.26
3.78
3.59
3.98
3.46
3.41
4.29
4.11
2.89
4.13
3.52
3.29
3.36
2.92
3.27
3.00
3.72
2.50
3.85
3.11
3.01
2.94
4.35
1.39
3.65
3.40
3.29
3.06
2.54
3.48
2.72
4.01
2.91
4.75
3.21
3.77
3.73
3.45
3.80
3.95
3.64
2.62
3.77
3.40
3.43
3.96
3.62
3.37
3.27
3.68
3.23
2.47
2.44
3.14
4.39
3.44
2.66
3.52
3.04
3.56
3.28
3.94
3.63
3.09
3.43
3.30
4.12
4.04
3.11
3.80
3.88
1.66
3.19
4.19
3.75
3.94
2.41
4.55
2.54
3.91
3.09
3.98
3.96
2.14
3.19
3.83
4.50
2.61
3.70
3.50
3.62
3.96
3.36
3.24
3.04
3.40
3.27
3.17
2.68
4.00
3.55
3.86
3.18
3.35
3.46
3.66
2.78
4.72
2.60
4.09
3.44
2.08
3.00
3.87
3.93
3.59
4.39
2.45
3.56
3.42
3.82
3.97
3.16
3.50
3.15
4.13
3.91
3.73
3.40
3.74
4.30
4.42
3.45
4.09
3.43
3.56
3.79
3.35
3.50
2.67
3.41
3.85
3.31
3.89
3.44
3.74
3.14
3.26
3.98
3.96
3.64
3.77
3.79
4.06
4.00
3.46
3.39
3.63
1.99
4.86
2.12
2.85
3.97
3.55
4.06
2.37
1.39
3.25
3.61
2.01
3.64
3.68
3.50
3.66
3.89
2.77
3.77
4.46
4.32
4.16
2.57
3.39
3.38
3.00
3.29
3.76
4.06
4.29
2.82
3.52
2.96
3.94
4.69
3.54
3.84
4.25
4.43
3.79
4.09
2.92
3.79
3.62
3.36
3.35
3.28
4.73
4.18
3.59
1.63
2.87
3.69
3.28
2.70
4.04
3.06
3.24
3.17
3.41
3.65
4.13
3.65
3.27
4.13
3.12
3.79
4.47
4.07
4.11
3.40
4.00
3.63
4.06
3.88
3.49
3.05
4.07
3.36
2.39
4.46
4.44
3.44
3.78
3.22
4.83
3.90
2.03
4.09
3.35
2.70
4.00
4.00
3.89
4.04
2.72
3.67
3.07
2.41
3.87
3.85
3.66
4.06
3.38
4.19
3.59
4.25
3.05
2.82
3.72
2.91
3.72
2.97
3.24
3.20
3.63
3.73
4.37
2.91
3.27
3.55
4.68
3.26
3.13
3.07
2.08
2.97
3.46
3.60
4.17
3.95
4.07
3.53
2.56
2.95
4.15
3.78
2.56
4.13
1.95
4.62
2.94
4.03
3.89
3.34
2.76
2.54
3.45
2.61
3.93
4.07
3.34
2.94
4.32
4.04
3.46
4.38
4.03
2.39
3.79
3.31
3.65
4.08
3.41
3.69
4.31
4.13
3.05
3.66
2.55
2.65
3.82
4.04
3.95
3.04
3.68
3.45
4.40
2.77
2.82
3.54
3.43
3.40
3.63
2.69
2.56
2.73
2.86
4.27
3.41
2.93
3.86
3.25
3.88
3.64
4.39
3.45
4.33
3.80
2.66
4.18
2.68
3.52
3.85
3.74
2.80
2.28
2.30
3.32
3.81
4.22
4.11
3.60
3.92
3.86
3.05
3.81
2.81
3.88
4.17
3.89
3.27
3.62
3.91
3.53
4.22
3.12
3.77
2.38
3.82
3.69
2.67
3.78
4.27
4.06
2.02
3.81
3.41
3.46
3.34
3.50
3.54
3.68
3.80
4.19
4.43
3.95
3.57
3.69
3.97
3.35
3.12
4.05
2.77
3.92
3.65
2.64
3.50
2.60
3.48
2.85
3.44
2.73
2.96
3.70
3.07
3.08
4.12
3.57
4.01
4.79
3.93
3.83
3.02
3.50
3.79
4.30
3.90
4.34
3.00
3.95
4.35
2.74
3.95
2.99
2.98
4.08
4.79
4.07
3.60
3.57
3.29
3.59
3.83
3.50
3.81
3.68
3.40
3.73
4.19
3.44
3.46
3.71
3.50
4.17
3.94
3.52
3.41
3.85
2.71
2.92
3.84
4.10
4.22
3.60
3.64
3.97
3.80
2.72
3.84
2.92
3.68
3.15
2.98
2.70
3.44
3.56
3.61
3.61
3.50
3.72
2.73
4.06
3.75
2.82
3.75
2.88
2.71
3.82
3.62
3.89
3.51
3.51
3.64
3.56
4.58
4.00
3.72
3.53
2.93
3.95
2.84
4.01
3.45
3.59
3.74
4.00
4.27
2.87
2.61
3.49
3.80
3.34
3.54
4.32
4.04
4.02
3.71
4.05
3.88
3.53
1.77
3.50
4.09
3.91
2.36
3.66
3.68
2.77
3.20
4.29
3.87
3.72
3.63
2.93
3.01
3.28
4.37
3.59
4.63
2.89
3.88
2.15
3.21
4.29
2.57
3.81
3.95
3.71
3.41
1.90
2.84
4.26
3.97
3.44
3.79
2.48
3.75
3.87
3.05
4.09
3.97
4.48
2.39
4.07
3.06
4.04
3.83
3.97
3.63
3.25
3.90
2.18
3.17
3.88
3.01
4.07
3.39
4.11
2.95
4.18
3.21
4.17
2.57
3.05
3.39
2.70
4.10
3.47
2.98
3.56
3.55
4.28
3.97
2.79
2.81
4.03
2.19
3.32
3.33
3.51
3.47
3.63
2.58
3.40
2.99
3.00
2.59
3.74
3.01
3.75
3.93
3.90
4.42
4.38
3.31
3.71
4.12
3.20
3.53
3.66
3.40
3.99
2.83
3.92
3.49
3.62
4.65
3.27
3.26
3.27
3.96
2.70
3.96
2.87
2.91
2.45
2.84
4.01
3.82
3.18
4.08
3.61
3.85
2.61
4.08
3.98
3.27
3.82
2.36
4.08
3.87
3.30
3.60
4.03
4.33
3.53
3.40
3.09
4.35
4.10
3.72
3.83
3.26
4.13
3.45
3.40
3.25
3.78
3.78
3.59
3.63
3.22
4.48
2.32
2.71
3.80
3.28
3.91
3.57
2.16
1.25
3.81
3.37
4.01
3.21
3.30
2.79
3.40
3.31
3.39
4.26
3.53
3.51
4.20
3.92
2.70
4.31
4.00
3.79
3.69
3.92
3.65
3.30
3.94
3.38
4.10
3.44
3.41
3.48
2.65
4.29
3.63
3.85
3.35
3.20
4.83
3.85
3.87
3.09
3.27
3.81
3.37
3.95
3.16
3.50
2.27
3.32
3.40
3.28
4.36
2.95
3.24
4.78
3.50
3.49
2.30
3.52
3.35
4.22
3.32
3.56
3.65
3.65
3.75
4.59
3.51
3.97
3.40
3.62
2.69
3.33
2.94
4.08
4.24
2.81
3.33
3.86
3.53
2.10
3.29
3.60
2.96
3.34
3.94
4.15
2.91
3.12
3.53
4.00
2.65
4.81
3.04
3.18
3.69
2.46
4.65
3.54
3.82
4.61
3.99
2.47
4.22
2.94
3.61
4.16
4.24
3.14
3.34
3.52
4.00
4.05
2.89
3.70
4.02
3.99
2.69
3.23
4.27
3.41
2.51
4.62
3.51
3.55
3.88
3.48
4.12
2.49
2.93
3.64
3.64
3.56
3.41
3.18
3.95
3.65
3.53
1.86
3.34
4.07
3.47
3.91
4.35
4.60
4.31
3.27
3.61
3.65
4.25
3.72
1.91
3.42
2.48
2.42
3.62
3.80
4.20
3.45
3.90
3.84
2.52
3.68
3.08
3.47
3.31
3.35
3.91
3.31
3.24
3.77
3.32
3.96
3.63
3.78
2.63
4.46
3.84
3.83
3.73
3.34
3.32
3.65
2.16
3.50
3.90
1.56
3.41
3.31
3.75
3.53
3.52
3.46
4.00
3.38
2.70
3.91
4.22
3.87
4.43
2.65
3.23
4.15
2.79
4.42
3.29
3.94
3.54
3.57
3.42
4.29
2.95
3.72
3.74
4.67
2.38
4.39
3.87
3.91
3.28
4.29
3.29
3.51
3.19
3.84
3.62
3.28
3.35
2.94
2.96
4.05
2.98
2.94
3.33
3.86
3.89
3.46
4.13
3.54
2.41
4.55
3.76
3.32
3.56
3.81
4.36
4.73
3.77
4.31
2.82
4.32
3.45
2.26
4.26
3.42
3.00
2.85
4.58
3.71
3.24
4.26
3.66
3.23
3.18
3.15
3.71
2.86
4.03
4.36
3.95
3.49
3.34
3.71
4.36
3.68
3.15
3.55
3.53
3.17
3.49
3.62
3.93
2.91
4.12
3.13
2.90
3.50
4.19
3.60
2.88
3.24
3.73
2.40
2.70
3.36
4.18
3.66
2.20
4.19
4.00
4.52
4.29
3.73
3.89
4.25
3.76
3.30
4.09
3.48
4.19
3.10
3.63
4.12
2.71
3.98
3.01
3.48
3.66
3.70
3.65
4.32
2.55
2.63
3.18
3.52
3.86
3.85
3.39
3.60
4.12
3.84
3.41
3.99
3.48
3.95
3.60
3.60
2.36
2.89
3.89
3.79
3.36
3.91
4.11
4.19
3.74
3.46
3.60
3.37
4.13
4.01
2.18
2.96
4.36
3.98
4.16
3.64
4.03
3.30
3.92
2.95
3.12
3.32
4.21
3.30
4.12
4.28
3.23
3.56
4.48
3.39
3.24
3.21
2.91
4.52
3.05
4.16
3.69
3.72
3.65
3.89
3.84
3.75
4.25
2.74
3.51
3.34
3.49
3.26
3.60
3.97
3.30
3.37
4.38
2.06
3.16
3.35
3.54
3.84
3.23
3.85
3.31
3.85
3.66
3.35
3.33
4.05
2.27
2.53
4.00
3.86
3.48
4.66
3.60
3.55
3.27
3.57
3.79
3.30
3.50
3.89
3.76
4.05
3.11
4.48
3.16
3.26
3.19
4.00
3.28
3.97
2.93
3.42
3.97
3.48
4.29
3.06
2.92
2.94
3.99
3.52
4.37
2.74
4.30
4.01
4.00
4.33
4.30
4.04
3.66
3.83
1.15
3.12
3.68
4.44
3.24
3.58
4.34
3.72
4.01
3.93
2.93
3.95
3.56
3.10
4.66
3.53
3.48
3.37
3.30
3.65
2.41
2.65
4.19
3.83
3.54
3.90
3.84
4.07
2.14
3.83
4.06
2.98
2.30
3.89
3.73
3.48
3.90
3.98
3.29
3.42
4.42
4.42
3.98
3.25
3.17
3.00
3.44
4.34
3.70
2.78
3.31
3.08
4.47
3.22
3.56
3.94
3.42
2.41
3.99
4.37
3.84
3.04
3.10
4.08
3.09
1.89
3.49
2.80
3.62
4.07
2.08
3.56
3.76
3.57
3.07
3.20
4.17
3.33
3.88
2.89
2.27
4.54
3.67
3.74
4.00
2.66
4.00
2.76
3.80
3.01
3.61
3.36
3.79
3.09
2.72
3.74
3.75
3.94
3.66
4.18
3.31
4.03
4.31
3.15
2.80
4.40
3.25
2.42
3.32
4.01
4.37
3.94
3.84
3.72
3.86
4.90
3.91
4.38
3.13
3.21
4.29
3.58
4.39
4.46
2.48
3.71
2.45
3.67
3.51
3.98
2.36
3.98
5.00
3.64
3.81
3.32
4.86
3.43
4.53
3.80
3.23
4.17
3.51
4.82
3.69
4.11
4.16
3.47
4.06
4.18
3.47
3.22
1.59
3.38
3.48
3.69
3.70
4.00
3.58
3.49
2.66
4.05
2.88
3.70
4.01
3.81
2.27
3.21
3.39
3.29
3.76
3.13
3.67
3.64
4.17
1.32
3.07
3.79
3.62
3.45
4.09
3.11
3.24
3.73
4.27
3.43
3.69
3.01
3.30
2.49
2.27
4.51
4.27
3.51
2.67
2.96
3.54
3.73
3.75
4.28
4.15
3.37
4.33
4.12
3.39
3.80
3.30
3.22
3.19
2.50
4.29
3.18
4.21
4.07
3.63
2.92
3.52
3.05
3.06
2.37
4.71
3.19
2.94
3.63
3.27
3.86
3.67
4.13
3.18
4.08
1.99
3.69
4.40
3.57
2.61
3.65
3.02
4.09
3.91
3.45
3.88
3.76
2.72
3.19
3.60
3.49
3.24
4.14
3.76
4.01
3.18
4.46
2.65
3.51
3.24
3.59
2.92
3.91
1.70
4.01
3.68
4.38
3.27
2.94
3.84
3.13
4.06
3.13
3.77
3.92
3.62
3.23
3.15
2.59
3.74
2.89
4.46
3.73
2.97
3.93
2.82
3.59
4.28
3.16
3.96
2.50
2.63
3.32
3.89
4.15
3.91
4.13
3.50
3.73
2.60
3.76
3.89
1.56
3.93
3.86
3.68
3.79
3.85
4.46
3.95
3.52
3.98
3.17
3.87
3.62
4.49
2.82
3.70
4.48
4.39
3.52
2.29
3.68
4.39
4.17
4.58
4.07
3.65
3.63
3.83
3.84
3.19
4.48
2.79
3.68
1.84
3.32
3.55
3.33
3.41
2.95
3.13
2.08
3.26
3.72
3.58
4.18
3.42
3.58
3.29
4.25
4.56
4.12
2.82
3.79
3.09
3.99
3.75
4.01
3.41
3.24
3.78
3.56
3.67
4.06
3.49
3.31
3.43
3.13
2.51
3.20
4.03
3.81
3.92
4.00
2.74
4.01
3.98
3.24
2.80
2.83
3.66
3.77
3.65
3.43
3.37
3.10
3.70
3.29
3.83
3.31
5.00
3.62
3.61
4.11
2.99
3.32
3.31
3.55
3.28
3.15
2.17
3.70
3.80
3.55
3.89
4.47
3.34
3.59
3.48
3.87
4.23
3.68
2.68
3.73
3.70
3.45
2.56
4.05
4.08
3.83
4.27
3.83
3.76
4.59
3.45
4.01
3.53
3.58
4.39
3.44
3.59
4.58
1.98
4.58
3.15
3.14
3.26
3.75
3.37
3.81
4.12
3.73
3.17
4.26
2.86
2.59
2.03
3.83
3.94
3.64
3.86
3.08
4.05
3.64
4.29
3.69
4.19
3.69
3.48
3.58
3.77
4.24
3.88
2.26
3.94
3.87
3.69
4.60
3.41
3.22
3.95
3.24
3.43
3.87
3.00
3.35
4.47
3.31
3.31
4.46
3.35
3.80
2.32
2.82
2.60
2.89
3.77
3.52
4.28
3.70
3.31
3.60
4.07
2.26
4.26
3.68
4.09
3.85
4.05
3.56
3.11
2.71
3.06
2.35
4.01
1.78
3.59
3.23
4.03
3.17
3.67
3.57
3.57
3.68
2.93
3.89
4.14
3.47
2.87
3.77
4.00
1.93
4.33
4.03
3.80
3.69
3.41
3.32
4.00
3.55
3.72
4.16
2.94
3.62
3.54
2.15
4.48
3.74
2.98
3.90
1.59
3.89
3.74
3.39
3.95
3.44
2.04
1.41
3.94
4.64
4.16
2.73
3.24
3.30
3.59
3.97
3.56
3.23
3.41
3.04
3.44
3.96
3.15
4.29
4.07
3.53
4.61
4.24
4.06
2.97
3.22
3.95
3.53
4.30
3.68
3.95
4.57
3.18
3.27
3.45
3.56
4.49
2.94
3.40
3.05
3.79
4.03
3.95
3.95
2.37
3.31
3.40
3.26
3.73
2.18
4.36
3.60
3.99
4.20
4.29
3.44
3.73
3.75
3.59
3.91
2.88
3.15
3.56
3.61
2.18
3.64
2.21
3.84
2.67
4.15
4.34
3.48
2.35
2.34
3.62
3.81
2.80
3.38
3.15
3.50
4.14
3.75
2.45
3.65
3.14
4.53
4.30
2.90
3.29
3.33
4.03
3.27
4.27
2.66
4.17
3.61
3.10
3.57
4.11
3.96
4.25
3.33
3.58
4.52
3.18
3.76
3.78
3.10
3.10
2.56
2.97
3.89
3.94
4.07
3.79
3.55
4.17
3.76
2.90
3.80
3.78
3.10
4.17
3.72
4.51
2.99
4.55
2.94
4.02
3.72
4.54
4.42
3.50
3.40
4.04
3.83
4.05
3.94
2.54
3.66
2.83
3.63
3.51
1.85
3.61
2.73
3.23
3.35
3.36
3.39
3.96
2.82
3.57
4.03
3.64
3.48
3.08
4.37
3.28
3.95
3.51
4.21
4.19
3.18
3.80
3.77
3.29
2.85
3.42
3.84
3.45
3.83
3.84
3.60
3.81
3.53
2.97
4.21
3.81
3.78
3.92
4.38
1.00
3.01
4.01
3.84
2.17
4.30
3.55
3.33
2.47
3.95
3.77
2.46
3.38
3.78
4.37
3.69
3.08
3.21
3.65
3.94
3.50
4.10
3.50
3.99
3.66
3.78
3.73
3.23
3.75
3.79
4.22
1.87
4.21
2.82
3.74
4.07
2.87
4.27
4.08
3.69
3.16
3.85
4.32
3.34
3.58
3.28
2.70
2.79
2.62
4.01
3.63
3.57
3.35
3.18
3.11
2.68
4.08
3.54
3.91
2.91
3.23
2.71
3.55
3.70
3.82
3.35
3.36
4.13
3.49
3.94
3.81
3.38
3.36
3.85
4.16
4.15
4.23
3.90
3.55
3.51
3.95
3.25
2.45
3.64
3.07
2.73
4.19
4.38
3.32
4.04
4.36
2.65
2.39
4.41
3.32
2.99
3.53
4.40
3.08
3.14
2.45
4.00
3.02
4.00
2.85
3.53
3.87
2.46
3.79
3.50
3.41
3.51
3.27
4.43
3.70
2.85
4.49
3.77
3.38
2.99
3.83
2.77
4.76
3.53
3.72
3.27
3.58
3.08
2.25
2.86
3.74
3.16
3.64
1.59
3.39
3.02
2.25
3.85
4.26
3.77
3.53
4.34
4.17
3.58
4.17
4.24
3.35
2.81
